state_index,state_bits,u_opt_bits,u_baseline_bits
0,000000000,01,00
1,000000001,01,01
2,000000010,01,00
3,000000011,01,01
4,000000100,01,00
5,000000101,01,01
6,000000110,01,00
7,000000111,01,01
8,000001000,01,00
9,000001001,01,01
10,000001010,01,00
11,000001011,01,01
12,000001100,01,00
13,000001101,01,01
14,000001110,01,00
15,000001111,01,01
16,000010000,00,00
17,000010001,00,00
18,000010010,00,00
19,000010011,00,00
20,000010100,00,00
21,000010101,00,00
22,000010110,00,00
23,000010111,00,00
24,000011000,00,00
25,000011001,00,00
26,000011010,00,10
27,000011011,00,10
28,000011100,00,00
29,000011101,00,00
30,000011110,00,10
31,000011111,00,10
32,000100000,01,01
33,000100001,01,01
34,000100010,01,01
35,000100011,01,01
36,000100100,01,01
37,000100101,01,01
38,000100110,01,01
39,000100111,01,01
40,000101000,01,01
41,000101001,01,01
42,000101010,01,01
43,000101011,01,01
44,000101100,01,01
45,000101101,01,01
46,000101110,01,01
47,000101111,01,01
48,000110000,00,00
49,000110001,00,00
50,000110010,00,00
51,000110011,00,00
52,000110100,00,00
53,000110101,00,00
54,000110110,00,00
55,000110111,00,00
56,000111000,00,10
57,000111001,00,10
58,000111010,00,10
59,000111011,00,10
60,000111100,00,10
61,000111101,00,10
62,000111110,00,10
63,000111111,00,10
64,001000000,01,01
65,001000001,01,01
66,001000010,01,00
67,001000011,01,01
68,001000100,01,01
69,001000101,01,01
70,001000110,01,00
71,001000111,01,01
72,001001000,01,00
73,001001001,01,01
74,001001010,01,00
75,001001011,01,01
76,001001100,01,00
77,001001101,01,01
78,001001110,01,00
79,001001111,01,01
80,001010000,00,00
81,001010001,00,00
82,001010010,00,00
83,001010011,00,00
84,001010100,00,00
85,001010101,00,00
86,001010110,00,00
87,001010111,00,00
88,001011000,00,00
89,001011001,00,00
90,001011010,00,00
91,001011011,00,00
92,001011100,00,00
93,001011101,00,00
94,001011110,00,10
95,001011111,00,10
96,001100000,01,01
97,001100001,01,01
98,001100010,01,01
99,001100011,01,01
100,001100100,01,01
101,001100101,01,01
102,001100110,01,01
103,001100111,01,01
104,001101000,01,01
105,001101001,01,01
106,001101010,01,01
107,001101011,01,01
108,001101100,01,01
109,001101101,01,01
110,001101110,01,01
111,001101111,01,01
112,001110000,00,00
113,001110001,00,00
114,001110010,00,00
115,001110011,00,00
116,001110100,00,00
117,001110101,00,00
118,001110110,00,00
119,001110111,00,00
120,001111000,00,00
121,001111001,00,00
122,001111010,00,00
123,001111011,00,00
124,001111100,00,10
125,001111101,00,10
126,001111110,00,10
127,001111111,00,10
128,010000000,01,00
129,010000001,01,01
130,010000010,01,00
131,010000011,01,01
132,010000100,01,00
133,010000101,01,01
134,010000110,01,00
135,010000111,01,01
136,010001000,01,00
137,010001001,01,01
138,010001010,01,00
139,010001011,01,01
140,010001100,01,00
141,010001101,01,01
142,010001110,01,00
143,010001111,01,01
144,010010000,00,00
145,010010001,00,00
146,010010010,00,00
147,010010011,00,00
148,010010100,00,00
149,010010101,00,00
150,010010110,00,00
151,010010111,00,00
152,010011000,00,00
153,010011001,00,00
154,010011010,00,10
155,010011011,00,10
156,010011100,00,00
157,010011101,00,00
158,010011110,00,10
159,010011111,00,10
160,010100000,01,01
161,010100001,01,01
162,010100010,01,01
163,010100011,01,01
164,010100100,01,01
165,010100101,01,01
166,010100110,01,01
167,010100111,01,01
168,010101000,01,01
169,010101001,01,01
170,010101010,01,01
171,010101011,01,01
172,010101100,01,01
173,010101101,01,01
174,010101110,01,01
175,010101111,01,01
176,010110000,00,00
177,010110001,00,00
178,010110010,00,00
179,010110011,00,00
180,010110100,00,00
181,010110101,00,00
182,010110110,00,00
183,010110111,00,00
184,010111000,00,10
185,010111001,00,10
186,010111010,00,10
187,010111011,00,10
188,010111100,00,10
189,010111101,00,10
190,010111110,00,10
191,010111111,00,10
192,011000000,01,00
193,011000001,01,01
194,011000010,01,00
195,011000011,01,01
196,011000100,01,00
197,011000101,01,01
198,011000110,01,00
199,011000111,01,01
200,011001000,01,01
201,011001001,01,01
202,011001010,01,00
203,011001011,01,01
204,011001100,01,01
205,011001101,01,01
206,011001110,01,00
207,011001111,01,01
208,011010000,00,00
209,011010001,00,00
210,011010010,00,00
211,011010011,00,00
212,011010100,00,00
213,011010101,00,00
214,011010110,00,00
215,011010111,00,00
216,011011000,00,00
217,011011001,00,00
218,011011010,00,00
219,011011011,00,00
220,011011100,00,00
221,011011101,00,00
222,011011110,00,10
223,011011111,00,10
224,011100000,01,01
225,011100001,01,01
226,011100010,01,01
227,011100011,01,01
228,011100100,01,01
229,011100101,01,01
230,011100110,01,01
231,011100111,01,01
232,011101000,01,01
233,011101001,01,01
234,011101010,01,01
235,011101011,01,01
236,011101100,01,01
237,011101101,01,01
238,011101110,01,01
239,011101111,01,01
240,011110000,00,00
241,011110001,00,00
242,011110010,00,00
243,011110011,00,00
244,011110100,00,00
245,011110101,00,00
246,011110110,00,00
247,011110111,00,00
248,011111000,00,00
249,011111001,00,00
250,011111010,00,00
251,011111011,00,00
252,011111100,00,10
253,011111101,00,10
254,011111110,00,10
255,011111111,00,10
256,100000000,01,00
257,100000001,01,01
258,100000010,01,00
259,100000011,01,01
260,100000100,01,00
261,100000101,01,01
262,100000110,01,00
263,100000111,01,01
264,100001000,01,00
265,100001001,01,01
266,100001010,01,00
267,100001011,01,01
268,100001100,01,00
269,100001101,01,01
270,100001110,01,00
271,100001111,01,01
272,100010000,00,00
273,100010001,00,00
274,100010010,00,00
275,100010011,00,00
276,100010100,00,00
277,100010101,00,00
278,100010110,00,00
279,100010111,00,00
280,100011000,00,00
281,100011001,00,00
282,100011010,00,10
283,100011011,00,10
284,100011100,00,00
285,100011101,00,00
286,100011110,00,10
287,100011111,00,10
288,100100000,01,01
289,100100001,01,01
290,100100010,01,01
291,100100011,01,01
292,100100100,01,01
293,100100101,01,01
294,100100110,01,01
295,100100111,01,01
296,100101000,01,01
297,100101001,01,01
298,100101010,01,01
299,100101011,01,01
300,100101100,01,01
301,100101101,01,01
302,100101110,01,01
303,100101111,01,01
304,100110000,00,00
305,100110001,00,00
306,100110010,00,00
307,100110011,00,00
308,100110100,00,00
309,100110101,00,00
310,100110110,00,00
311,100110111,00,00
312,100111000,00,10
313,100111001,00,10
314,100111010,00,10
315,100111011,00,10
316,100111100,00,10
317,100111101,00,10
318,100111110,00,10
319,100111111,00,10
320,101000000,01,01
321,101000001,01,01
322,101000010,01,00
323,101000011,01,01
324,101000100,01,01
325,101000101,01,01
326,101000110,01,00
327,101000111,01,01
328,101001000,01,00
329,101001001,01,01
330,101001010,01,00
331,101001011,01,01
332,101001100,01,00
333,101001101,01,01
334,101001110,01,00
335,101001111,01,01
336,101010000,00,00
337,101010001,00,00
338,101010010,00,00
339,101010011,00,00
340,101010100,00,00
341,101010101,00,00
342,101010110,00,00
343,101010111,00,00
344,101011000,00,00
345,101011001,00,00
346,101011010,00,00
347,101011011,00,00
348,101011100,00,00
349,101011101,00,00
350,101011110,00,10
351,101011111,00,10
352,101100000,01,01
353,101100001,01,01
354,101100010,01,01
355,101100011,01,01
356,101100100,01,01
357,101100101,01,01
358,101100110,01,01
359,101100111,01,01
360,101101000,01,01
361,101101001,01,01
362,101101010,01,01
363,101101011,01,01
364,101101100,01,01
365,101101101,01,01
366,101101110,01,01
367,101101111,01,01
368,101110000,00,00
369,101110001,00,00
370,101110010,00,00
371,101110011,00,00
372,101110100,00,00
373,101110101,00,00
374,101110110,00,00
375,101110111,00,00
376,101111000,00,00
377,101111001,00,00
378,101111010,00,00
379,101111011,00,00
380,101111100,00,10
381,101111101,00,10
382,101111110,00,10
383,101111111,00,10
384,110000000,01,00
385,110000001,01,01
386,110000010,01,00
387,110000011,01,01
388,110000100,01,00
389,110000101,01,01
390,110000110,01,00
391,110000111,01,01
392,110001000,01,00
393,110001001,01,01
394,110001010,01,00
395,110001011,01,01
396,110001100,01,00
397,110001101,01,01
398,110001110,01,00
399,110001111,01,01
400,110010000,00,00
401,110010001,00,00
402,110010010,00,00
403,110010011,00,00
404,110010100,00,00
405,110010101,00,00
406,110010110,00,00
407,110010111,00,00
408,110011000,00,00
409,110011001,00,00
410,110011010,00,10
411,110011011,00,10
412,110011100,00,00
413,110011101,00,00
414,110011110,00,10
415,110011111,00,10
416,110100000,01,01
417,110100001,01,01
418,110100010,01,01
419,110100011,01,01
420,110100100,01,01
421,110100101,01,01
422,110100110,01,01
423,110100111,01,01
424,110101000,01,01
425,110101001,01,01
426,110101010,01,01
427,110101011,01,01
428,110101100,01,01
429,110101101,01,01
430,110101110,01,01
431,110101111,01,01
432,110110000,00,00
433,110110001,00,00
434,110110010,00,00
435,110110011,00,00
436,110110100,00,00
437,110110101,00,00
438,110110110,00,00
439,110110111,00,00
440,110111000,00,10
441,110111001,00,10
442,110111010,00,10
443,110111011,00,10
444,110111100,00,10
445,110111101,00,10
446,110111110,00,10
447,110111111,00,10
448,111000000,01,00
449,111000001,01,01
450,111000010,01,00
451,111000011,01,01
452,111000100,01,00
453,111000101,01,01
454,111000110,01,00
455,111000111,01,01
456,111001000,01,01
457,111001001,01,01
458,111001010,01,00
459,111001011,01,01
460,111001100,01,01
461,111001101,01,01
462,111001110,01,00
463,111001111,01,01
464,111010000,00,00
465,111010001,00,00
466,111010010,01,00
467,111010011,01,00
468,111010100,00,00
469,111010101,00,00
470,111010110,00,00
471,111010111,00,00
472,111011000,00,00
473,111011001,00,00
474,111011010,01,01
475,111011011,01,01
476,111011100,00,00
477,111011101,00,00
478,111011110,00,10
479,111011111,00,10
480,111100000,01,01
481,111100001,01,01
482,111100010,01,01
483,111100011,01,01
484,111100100,01,01
485,111100101,01,01
486,111100110,01,01
487,111100111,01,01
488,111101000,01,01
489,111101001,01,01
490,111101010,01,01
491,111101011,01,01
492,111101100,01,01
493,111101101,01,01
494,111101110,01,01
495,111101111,01,01
496,111110000,01,00
497,111110001,01,00
498,111110010,01,00
499,111110011,01,00
500,111110100,00,00
501,111110101,00,00
502,111110110,00,00
503,111110111,00,00
504,111111000,01,01
505,111111001,01,01
506,111111010,01,01
507,111111011,01,01
508,111111100,00,10
509,111111101,00,10
510,111111110,00,10
511,111111111,00,10
